50, 52, 53, 54, 55, 56, 60, 61, 64, 67, 70, 73, 84, 85, 98, 102, 114

160

7, 22, 26, 27, 32, 51, 57, 63, 65, 75, 76, 79, 81, 87, 88, 93, 99, 103, 106, 107, 115, 117

147, 164, 168, 173, 175

1, 8, 13, 16, 18, 28, 29, 35, 36, 39, 40, 41, 46, 47, 49, 59, 62, 68, 71, 72, 77, 86, 91, 92, 94, 95, 101, 111, 112, 119

120, 121, 125, 126, 127, 129, 145, 148, 151, 152, 162, 163, 166, 167, 171, 172, 176

5, 6, 9, 11, 12, 14, 15, 17, 19, 20, 23, 24, 25, 30, 31, 38, 42, 43, 44, 45, 48, 58, 66, 69, 74, 78, 80, 82, 89, 90, 96, 97, 109, 113, 116, 118, 135, 174

105, 122, 123, 124, 128, 130, 131, 132, 133, 136, 137, 140, 141, 144, 146, 149, 155, 156, 161, 165, 169, 170, 177, 178

2, 3, 4, 10, 21, 33, 34, 37, 83, 100, 104, 108, 110, 134, 138, 139, 142, 143, 150, 153, 154, 157, 158, 159

